38830090
38857386
17668480 sus
38865269
9499217 sus
38861602
38857388
38843253
38857403
38838020
38833466
38830098
8633090
38830103
38843184
20987695
38861608
38830112
38865272
38857394
38857390
38861601
38830100
38857397
38838019
38838011
38857392
38833470
38861604
38861594
38781227
38833465
38857400
38833468
38865271
38830107
38833474
38861599
38838013
34934013
12046582
38830095
38830094
38833467
38865275
38830109
8992486
38833473
38843187
38865261
38833475
38857385
38857389
38843252
38830104
38865270
388449
38857398
38865274
38857402
38861592
38830097
20987694
38865264
18893735
38865266
38838018
38833464
38857406
38830101
38861605
38861609
38838016
38830111
38696717
38833469
38833472
38861603
17360540
38814876
38857395
38848299
38857407
38857409
38830099
9537892
38814875
38843183
38857391
38838015
38830091
38865262
20351245
38861597
38830089
38861607
18107592
38830092
38830110
38857399
38857405
38861598
38865263
38848300
38838012
38833477
8570594
38843186
38833476
38843185
38857393
38857396
18893734
38830105
38848301
38838014
38838021
38865265
38830108
38861606
38830096
38857408
38843251
38830102
38861610
38838017
38857387
38865267
38861596
38861595
38830093
38865260
38861593
38865268
38865276
18890150
38833471
38857404
38865277
38861600
38865273
19721000
38857401
38830106
