26515679
36929963
32950079
33485434
64794
35065702
33002428
28831986
31986264
25591505
36528036
32763153
38762324
21962554
34626542
33096042
36774150
36774153
33166506
32222188
34338210
34227951
38342127
33617766
37149294
36216020
32593328
27059886
24792841
21620466
35344735
23415297
32059798
36403619
33992138
12737859
32386582
22932714
32446402
33894828
10347992
37777332
27291997
36929985
12711481
28017403
16679168
33038970
30497795
31056292
34762857
29108723
12747888
14987888
35390323
19447249
31679946
21546076
23992774
24556021
29407030
34364512
32861315
24828901
31354128
12711460
30782342
31492503
22189047
17531864
30528486
32473672
33965089
8093402
22587967
32442530
28456509
32563364
32247383
34197808
22819659
36088948
19059639
36930026
21763929
37003687
37216957
31229240
32910908
25706840
31604660
35598610
6143978
21176950
35189078
34332678
19394686
33248484
31204114
70693
32950100
28756902
37003690
25106063
32473680
26063472
33129386
21227493
6105240
34454673
15589313
33308464
32730742
29395269
31500849
29032997
31395443
24856011
18555914
25453443
22133536
22513218
21353302
12781536
33933197
19913289
23683639
49676
31056293
32818439
27427452
32534634
36566764
33002431
78199
19819386
26515676
17889242
26684609
33010824
16325700
35219393
32243778
35526549
32035551
32866429
22008428
24553294
25059943
34922656
34227962
33891895
14989282
33493436
34246359
34227979
18790297
37247625
33308457
33549175
15380968
18930529
33991475
29249276
33798498
32534628
33640067
37120273
2570902
37979594
32473677
28091379
33610199
32861306
26318521
32513411
26680217
33838108
24084292
30170852
19427958
15766978
19303137
29032998
17964351
21820166
32145783
34742369
33220855
28385352
28024962
32593324
32473667
12846245
22421339
20004966
1678809
32423581
32711797
35964610
70599
34599877
38705159
31810609
27038492
24857703
24286785
33539728
33838746
37356446
32563275
31104832
36088950
21851974
34384539
12788593
35151397
30876706
17240266
35397867
32987007
32473669
34481571
24998007
28919118
21908036
12927445
32247378
34717830
34634250
24656186
33010828
33285140
32505243
34246341
33965074
30554784
30712900
15220049
23642699
23245605
34774196
24892173
37321233
33939952
33714387
28527705
33308469
22763110
36522202
32950096
23541370
35093205
34509230
16214586
12892961
26670617
25530442
20609967
35871811
33516322
35397236
35033218
33069327
32950098
34921757
20650515
33539727
34619098
32896291
30496104
37866371
6110092
38697170
36502841
22325189
33357493
80641
32798477
28170335
34481563
35074137
35093207
36403584
28648402
32979936
35569454
20971364
35817079
23498850
33485462
34534515
2867342
33188731
28433260
32359401
36739134
35093217
32659211
16619393
90765
26520231
32798485
20800271
34364526
34119060
33129382
32305073
36216007
32473098
21890054
24206607
33714360
35219375
35489358
24452051
32222187
30850112
32534631
4122009
26088625
32479828
26843294
30017551
37088092
32950095
35219388
33773113
2878272
35985353
30799062
33581805
36930016
31329658
18984188
33308485
31542293
35218695
23663952
36774147
20638117
32979978
25458732
32278376
32334692
38071981
22336189
34332682
27145708
26700515
32505221
32311317
32145825
32593338
33038966
35421374
29536860
33341126
30266414
21890060
36343650
27733283
34297998
15541451
19932356
37453751
23602315
33010832
33516326
27979383
20171404
29706364
33169681
34563293
20817247
20970179
32222184
32798482
23245607
35988567
33549191
30244820
25176550
70675
16950366
32135077
35298904
33485445
33965082
37478886
32334691
27402381
30496106
31657725
33485436
32113507
24367804
33308424
33676621
16099276
31378394
22928190
27733285
23668501
28941948
34217399
34883051
33639086
32730743
29627166
33038968
34801104
32534638
34883053
35780787
33743857
38185126
29678340
32278371
34370969
27477166
32539939
16890813
16890836
28187912
38484753
36209762
33773115
33812481
31690444
80665
32222181
30712880
32615078
32653057
32380045
15836872
78197
34801098
34364525
28845811
21907854
19709731
34481562
34000258
23726393
32199075
34418361
20870099
22681861
12892971
21570111
26313061
32246915
32061298
34227966
32199470
35219387
28551075
34863346
22322125
32987008
26549466
35691321
35090602
12767752
32416788
12788583
35182471
34480860
33965090
34102137
37087168
23021287
32473101
34800427
7475777
33220729
20650516
24656685
35430022
33248487
27837923
32446324
28916367
15866291
34338211
34273290
34922657
32682461
38281499
17208643
32818438
35334210
32305072
12957108
12781529
23107252
6135912
21963004
34303422
33798499
19616722
12747883
23803486
33160452
32416784
29061296
59095
34454656
35750071
15380971
33160576
30739743
4102024
19914509
34419191
16099278
32941824
8097851
35598608
18984187
34022983
32593331
12932393
16099290
22764375
32224296
36933938
32473099
34454672
34922640
36243024
25129328
15856548
36906338
34274065
32220277
22819660
35358420
34090596
32333840
33129387
32711799
32569583
32222190
32061315
22196944
24910482
22014334
34838171
30173907
32423580
34274053
23683601
33610205
28792403
22683128
29676281
34570995
19514114
35065007
33159850
35594876
26088634
33484634
27717610
32423587
27733286
32277877
32061312
21216000
30553498
24880830
31986258
33524311
4190201
19286090
33639087
90847
32220657
36215994
33992144
31128926
33038951
35219384
34863339
33549177
24907223
33308427
32334650
31353050
35279232
33610210
32007144
21075444
33711296
22078721
32896292
27233746
32738953
35114146
34922662
24286787
32278374
24969506
35835125
33129392
23746901
20646757
19437600
23683600
34227944
19880172
29916371
32446399
28069279
21269685
37352885
33743843
36116464
32278370
19854364
34838172
30473366
29353615
28689664
31378395
8093496
22386017
19386357
26277247
26777917
23363666
32497509
33516284
32950099
90985
36929959
37263280
33991477
33773118
33010831
31839281
20816546
35461540
22421340
36351458
34242563
2870393
34838176
32007152
29115227
36442487
33485447
27793431
32061313
28088338
35305740
30563642
36183716
25319501
35952705
25306562
15094279
34338212
32828183
35716671
25059947
24881994
36773619
23683643
32043982
23582396
33901419
32087125
32142626
35490681
15110496
18930534
37087156
27609407
35339227
17120342
31282350
34015340
27871735
1682673
31155270
19801087
30037735
30025808
35933996
32442528
26382241
32305089
17350457
34599878
27789061
12867123
16564364
32473681
33357494
27642020
32386580
20537376
24857701
34922669
22185868
32423583
23643112
32563361
30173905
18572080
24094767
87608
37120278
32950081
24411646
70683
23727167
32386565
24486187
33031762
28656894
29221643
23755828
12931685
15541432
27423263
32220279
34217425
28336049
27733284
32197104
17141705
32798475
30738649
24360370
28483296
25987157
35093220
32334704
35691308
24035251
33038962
32798481
32199481
32416776
21722952
30032978
20663549
35512729
33992147
32702300
34126043
34370974
24267989
33010823
35691324
33220850
33038956
33581810
33038957
32171074
32151324
28965718
34217403
33308455
36690013
12801780
28087068
14672081
23776959
34895529
33091359
9708769
32213320
20851247
34303433
37330745
31526735
36803433
33587888
23725717
32359456
37544308
13678901
37301577
35123688
37121244
6122871
32386564
2568522
34537104
29231835
23562090
33007219
32950078
32035018
28215665
34953522
32828180
21770062
12892955
33865497
30509743
90907
19767090
28422019
33901422
35065703
12747887
12737868
27021149
28129989
14631962
50527
15031027
50547
36870722
20801494
24055454
29174292
31285039
36058210
34871545
24831770
22196945
33422248
33038947
33894827
20189018
23993185
21414658
34419199
24411645
35305727
31257127
35123679
32534627
27178476
32534626
33549178
33010210
37244684
27707500
12932410
34543608
30554785
34516953
28734670
32563359
8709788
36436530
6122872
34801101
78198
60607
20646756
30782341
34022987
22883499
32401712
29169668
34895527
28807536
23901413
35131043
21612820
33765409
32976772
34270932
34762858
37087171
30102174
35065005
19012957
24035220
22357106
30343856
34181881
31379323
33160560
23200486
32891198
29617258
33581801
2895320
32679111
12672321
25262344
35065780
34175083
31395440
35397850
30704789
33713595
28923467
27236344
26364263
22819662
27707499
90769
6117738
14698106
34755620
32464113
33610213
33157001
33838723
35065777
37290458
33010826
17350456
33933206
28589883
21227489
22841419
34227967
26530618
34454665
32192579
18842294
32950092
32113508
33038961
37330736
28159391
33125927
33031761
14643141
36930674
20842769
23245604
37356448
25473684
38582094
23668556
12767737
32304647
32539935
37524096
28801186
34332651
33010833
17046464
24835842
32861314
34656213
32359460
32919515
33135662
31522846
6134086
32622373
33933194
23395245
60521
33676626
38219767
24816046
33838109
34756185
37805216
14727619
4103984
34388397
37087159
18984189
22484134
17662865
37230104
34755624
17055923
4104794
34391504
36642089
54796
23473847
32861300
26841989
26507180
21183212
12788592
16139656
34273293
18835640
35397858
26595641
34863358
30047376
27475273
32122469
18455228
30215383
33160566
23245609
38245248
33428868
32353325
34175088
32791037
35247308
34509231
28941949
33038965
33278922
20398925
33773626
21571150
33587887
33992148
34600615
35101175
22766207
35305730
23972262
31229234
21131037
1351558
28402822
32197108
32442529
24910231
34273295
27733281
33065034
8094770
22296811
32113494
26466034
34274052
21719096
28104287
32410757
29916386
16427495
27302271
27845097
32199479
32771107
33743858
25987160
22632908
12867121
32505241
32334693
14661622
32035553
35717982
37348521
36522201
14511936
25108889
13678981
15766980
35367005
34656221
32203693
34774144
35093219
22285053
15031046
29428183
32891196
20691469
28935159
15721479
32949501
34600620
12781533
34175078
12423987
36030813
25728933
14683661
32112714
32380043
35780792
26360240
23351802
23200504
34774134
20452521
34332680
20346817
34953526
15630764
33965081
21227492
29231838
32505244
32178767
36566761
20638713
24152939
32711786
32619416
12932399
19019422
35120592
27707498
36244376
34742373
28341515
37003694
36873458
32304646
14989279
27229190
33676614
32534635
4124441
21062666
32505220
21035839
2478846
28285816
30797602
34303428
32464112
27863813
33308429
32622393
34998503
32563360
23849322
33278936
23726159
32798478
32278372
34741818
14654346
27394647
30541664
15451200
32569582
21481708
33640054
4186967
33577758
32505245
35908569
32473668
30129464
25706456
35809580
33965083
14751692
36335959
34755622
35405084
30158069
35065011
17668472
22386037
33091358
25747580
35065006
36803427
25390569
19854369
33992131
36252574
34246339
32386583
20833426
35202601
34062137
16214584
34175081
31358240
19482214
24293742
32622397
36007534
28091377
1707470
29893223
33357469
21714999
27025337
2864545
28832000
32353326
17321314
33617770
32240627
30782340
33549195
30078460
32919524
24529561
28236464
34717829
36403609
48810
34509223
35065779
33256918
2880169
29054555
32798484
32450109
33038960
22225814
28499548
12907023
26703889
32653059
18061048
32302536
32222159
34119063
28091381
32203691
28916366
25706853
2481200
29502905
34332679
35526547
30078459
35219376
1346409
32278375
35644165
29131796
20232498
36328042
28666680
19231634
32653081
33160578
32682468
36929988
30429050
28214093
12517470
37061269
90297
27863809
27115820
33308460
32534629
36913959
21705063
36368336
19249092
34800425
19939445
34973715
38104577
32192578
16920473
28958464
36115371
70709
29595481
27477163
32422125
14526775
6105239
35964605
27717614
29029897
90225
24671080
30269876
24168957
33091361
27179755
29483028
30496107
33422176
32325027
38402887
18313501
32979962
6142304
34273292
27751400
32896293
12801758
32145187
34000257
30983590
32622374
22305766
34147148
31255301
19027484
33743218
33765411
35279259
21292315
32380042
31836196
33010842
34175080
32171078
34756174
34303423
35533706
20851249
34022981
1678445
32405103
30170853
34175084
33198906
18930538
21093637
34119055
32711782
18834626
23803487
32534630
34089658
32738955
34000256
32305074
32171422
30496103
18406847
12383698
25132506
32682489
33091364
24894577
34370972
22726520
30449623
33743854
24996591
35397866
35644150
32569578
30948284
25843891
36773617
36403583
34265255
22981903
24743000
25042233
21067804
26827075
35490683
21497394
29673874
37003689
33228919
33189185
26474809
20609950
33516338
30104048
32122468
34097857
20542554
20650518
34953525
33275906
27988143
33965068
32861313
33838748
33864751
32078803
35430020
33545094
27017308
34363754
34973709
16360788
25784350
33971152
32386576
25943943
23083889
33453783
36058214
22607822
32035510
32178769
32145772
33038963
32035537
33308465
12660064
30032975
32450106
32682466
32653079
25390318
36522199
12767746
57502
32645348
32738940
17240268
33503456
35461555
31668726
33160561
33773609
9164323
34942103
25059939
35843260
23663953
25752181
21251705
34755623
21872752
18328931
31230831
33428867
19465213
35294898
35594877
34227968
33617776
23993176
14746319
27726951
26969090
37355281
18398961
19150705
23541541
34303430
35817076
67390
36240838
33065036
31232378
33515491
37393920
80627
28236467
14686357
34181880
34942101
35934004
26386540
18675673
31230829
31986257
27461440
15158632
33844963
33773117
2892013
23831142
16413878
32113506
30104046
32224299
51250
26510780
32359457
17208625
78196
32247388
32305093
28919117
36302392
32278379
28081952
36049498
31053304
34175074
17174692
22364760
35598612
35338858
35533708
34388398
33894821
32407668
31326135
25468152
36774933
30017134
20970180
32534647
33333005
34801095
35339221
32333843
32497510
32891210
33010830
22818936
27059888
32386579
23706789
33743219
37061265
19012954
32464115
22088800
36463902
34793741
28923465
32653060
33640058
33714390
37307841
55811
37898531
20511001
33765410
34895525
33010835
23827089
36244380
24998008
36244375
14723998
33508228
36709074
29032994
34246337
32450108
34274038
33069323
34370971
25935825
30528484
26680218
33069326
36929979
26719232
22607825
16980117
24996590
32222191
36528379
35780802
34175082
33933196
35151380
32192581
34801103
33485435
25176551
32007172
33667416
32628903
33197396
19282026
33991479
91045
33308463
90947
34119057
12700001
35033215
32410758
12944072
26466026
22748592
6162068
15220038
38555927
33798497
19477503
38762325
35151392
29703425
25975452
29150201
26686957
33485453
35430023
33524312
32380041
27939400
32243777
37393924
32531186
24581682
36930005
32653078
32673598
28935160
32401715
26595642
37633665
32539936
32828181
36929951
32386581
18657855
23084456
12962110
17826169
32798480
32979973
18262040
29937194
33964221
37120282
27452608
23890997
35835130
24928807
33493435
33610198
32645347
21324520
14577442
33640066
31056291
28803710
36930023
33275908
33160573
36930672
30057105
19269520
32479827
31327563
31818490
33485446
23200502
34418360
22341824
15043961
32828178
12737853
34391503
35569466
23639488
18342687
18177778
25455236
27673470
32798479
35366998
25468160
32497511
36774149
34181882
33038972
12907028
26864962
36906344
33545096
34942104
27133972
22494826
32006465
23290956
27988144
34973714
31982074
32278373
32014115
25468158
19278721
34755626
90859
20494434
36965963
29499873
34480858
32401714
36088936
14631966
33684351
34774197
32334649
29778325
34227982
31232381
21159375
21353695
29137869
32771084
33965076
34973713
34227942
35644147
37211013
33096041
34332681
19345831
34450083
19101377
26806518
15288742
33485461
24152938
15246724
32305087
33549186
33765412
24725568
35248176
26312834
27894659
30264715
6107605
33549181
14697812
32580883
25913272
33091363
36739132
24857702
31232376
36681414
26615326
32059801
12767754
32659212
12767740
24814089
34217398
32798486
35247311
33770519
24954673
24581683
16198748
32681821
17350458
17512859
24485709
21035841
35526539
15680444
29606364
32563276
25960110
35065781
18790313
21784258
34480859
32738941
21277016
33453779
31472930
32711780
34921756
29676274
32224300
25059938
26460663
19801098
33676597
32771113
37087170
35286844
33157000
22883507
28433256
17382827
35597246
32416782
34600618
35461545
33549189
20951422
34022973
23391466
30955975
26686960
34450081
33186535
12767739
33338438
28434648
90241
36641195
33091362
33864750
32534645
34768319
27814965
32423586
28988791
34391487
32511944
29129439
23831143
19732949
26707054
22541418
33485455
34895469
25152271
38642570
90969
25752176
34115978
36774154
15866305
35835127
18468543
35033213
14511928
20153888
29916376
33812478
35964611
32151335
22819653
32622399
21215445
12853208
33160574
28779963
24725564
35065701
19304016
30938313
30878222
32771082
29961639
90933
35114147
17706760
15811442
16703674
32305086
23910433
29536852
37084754
33991474
25662414
37086744
34089662
34756184
19942276
29032995
32199074
32251619
30739680
14655659
32113495
28816126
32007143
17382828
31813636
34390655
37060915
34338213
32197103
25638660
32278362
32311319
27203778
48733
22152853
36183727
33333002
35964595
19625077
19232708
29179954
6117700
18970965
29678342
26898856
33166507
36502846
31053306
33640051
26321261
25952354
19269519
34419204
33864748
14550714
24095195
23849796
24768112
34175087
27226132
34619100
32247386
33714379
31248666
33838724
18929907
22608338
33991480
33341128
25499543
21856484
23809548
32199474
35385696
34756175
35123691
18930533
37244687
19748388
21663949
34419203
34097856
21227494
24856029
35033212
32682490
22475491
23668493
35526551
35123690
15110488
31522843
30025807
26921136
20223514
30739747
34303431
15145625
12788579
25468151
28091378
21334061
36463895
25982041
34384538
30343858
35868328
14570038
9102545
19167056
36108657
33617767
32446405
19781759
31791688
33125932
25817375
33308484
23782686
23803488
15767002
29031848
35397851
20435228
34419200
31200992
33992139
30878225
24351319
60617
32145827
35339211
33872595
36522209
17174710
12870482
33773611
34227986
35461617
33812474
34801100
32828184
27939058
27745880
35378077
28457627
33894817
31474332
30449625
16360775
26429700
35219391
32950097
26049252
36930014
33965069
32653080
33181080
34627481
21239051
35358421
32711686
21777974
32416785
33770518
27742165
29217375
32682471
36930035
15652608
36216002
34419197
28919119
25390578
23660123
32473097
19070891
18355913
34181879
36463905
17321291
34062135
32702298
34688369
15172787
38432237
32119824
34922661
32569579
26360241
32979977
32442527
31986259
23177515
6109182
28622955
22056152
19839101
34626541
35430007
34051883
19476995
33939953
32971042
25625382
33607000
33160553
26364544
33308453
28478041
34496267
35817078
34119061
32473675
34181883
90955
26474811
32151334
36030809
31128924
32305088
34416197
17223476
37011656
23103089
32941825
17972367
34929197
80721
7912764
35717977
27302273
37172603
33691094
30967212
24582471
22828485
27025182
34175079
30146330
23040422
36682373
26466050
22166901
37061270
19837249
33812475
17765528
17262914
32087777
37355282
32278380
12711465
32950071
32861296
24793339
33038948
34390654
32941826
22726517
32687810
29759512
15530602
34953527
21131038
23498849
32950077
35065782
33357466
33640060
32971043
20888040
33058777
30355464
22763109
34895474
29893221
6108422
32738942
36058217
23831141
35717994
34741815
20521345
28513451
18395582
90253
31986261
12457787
29241979
30528471
32178768
32511943
32479829
25301503
35339220
29217374
31232380
14733188
34338200
18930531
20851241
15174476
23746775
35908563
35123665
31097213
22959376
22112684
33964223
26738703
1346189
12747897
35367000
30102162
23369797
24671079
22734145
19150704
28528753
32334702
50507
34338201
18468539
24702835
18984193
29032990
36084662
12826443
1672953
34391488
27673455
32199073
33581808
33010827
36244366
34332652
32220278
21802721
25957453
51327
34087111
34895530
35934003
34838173
28549659
35123694
32828187
34543611
35526548
20605201
17336652
18358928
24034453
34119048
25458726
12846246
32861307
32622390
26515675
29731173
34562388
33773114
35339219
34246346
33581803
18620934
33640037
35063123
25706964
24268105
33901420
31005385
90815
34801102
35526552
33031764
21784508
70595
32416787
32891195
34227980
19616720
30910303
28271846
18930525
35033220
21112083
36152668
53434
24284287
80697
33069325
21420546
35533709
32334687
32171424
34147145
34364523
28248160
34469763
33220856
29208307
27839855
16564362
34762856
32511942
6132084
34741819
20619449
20153039
21035838
38278170
23523389
35074136
29221647
24075052
31174831
34863343
34419198
20004464
20580423
36058223
16473124
32450110
18486742
22538180
37979593
37146622
32247320
34922639
32569580
23158883
34774190
32277878
15639297
32199473
90269
21507477
18810803
35114145
26515678
29937193
26093917
21664680
17321313
25467588
37028440
70639
33549169
30876707
31229233
33743221
33160568
26615327
12241776
30522922
34600605
32164834
34741817
21621716
32192582
22115874
33743869
32353328
33545098
34062136
29032996
66474
35065704
26842456
17321296
36963415
25176535
32446407
12699961
32059800
12957088
28363483
1357298
32891197
36931289
35397859
31232374
28576285
29361335
17631387
34688353
19362663
28346166
32359402
32679112
32971041
30663595
36929995
33607001
33838757
34022984
6133106
32007145
31498101
28214092
33684353
34391505
31106753
31478499
36244382
49794
22305765
23122768
32539937
32828189
27427448
20382325
32622386
33485430
32711784
4109928
33932328
33422250
30496105
4100432
30894259
32771112
22008422
23871492
18805338
33676625
35430019
80681
32485145
32416779
35934013
22386020
32386563
24269108
35305298
19167060
28712537
32539940
32401713
33743856
35691306
27549684
20816548
35219394
32891209
19595350
33306990
33992143
16168755
1376851
30195398
12737884
35780788
35926551
21763937
36366886
19376454
20189239
30894268
33894829
33965071
29483026
12711459
24315620
33125926
30961907
31232379
32199484
32771111
33248482
27832874
32305094
28958466
22166903
21067805
33160564
18206223
36442488
32247382
29483027
32171396
36495882
35871816
30037733
32622372
32416777
24286788
21035844
35395707
23253623
27323919
31631859
14672074
35753327
32659210
12867124
20206987
22019144
29047445
27751393
34688360
32464114
32192580
32422124
14570039
33714374
32828182
33743220
32305091
25576992
33581818
18486741
35643093
12660063
32711685
33129389
77944
34388395
33038946
36930029
33992141
31982036
33069278
33992136
33220853
34147157
36423650
34227972
35305296
32473665
29477251
34774194
17258669
33422255
32278369
32240624
30722953
32066525
33549167
24475483
34656214
32446401
33705696
34863345
27665228
14697815
34090624
33581813
32353329
34246349
30319110
6145836
32580882
20951421
32222158
37290461
23013602
32359458
34043954
30152390
34175086
24286786
32896290
22626851
6108421
32891199
20851460
17321321
23518316
36930000
30191830
32446404
18975392
22386033
32405105
20923715
31104833
35303473
34481566
15051279
28919115
19205082
35093230
33010840
23013600
32682491
18262041
34706262
26144908
24792855
12853206
31327564
19493564
23717832
20960648
18280328
33617771
30017552
30686586
2860501
13678898
50526
31623894
33965073
19465233
24522180
32380044
27302268
32305082
32247323
19699514
31007201
36929978
20638118
27914657
28214094
34742375
21411136
8618516
22541275
2893866
32413293
36309017
38521087
73060
24011547
32007141
25726515
32105609
35123689
25499165
32896294
34801094
28831976
34756204
33453775
33357492
23219286
33965065
18805334
28408086
22440945
80645
36273468
34624245
35489357
28256355
32791038
34338198
24853596
36088947
32563380
2479802
34270933
23953766
26876373
15112701
34600625
21367446
28170333
28669643
34246343
25467573
26510779
21641636
33422262
32534637
32247384
25390327
32405104
24286784
33160575
22818939
34863344
25684585
18790312
14550718
27209148
21511330
33038945
32569581
19230077
20541252
27998516
31852605
32622383
26490195
33069324
1974944
20655585
20933263
21963002
30415748
37634523
32979968
37245517
33965064
34273291
32711798
32861293
25943942
32950093
32061282
36871571
33992132
23391465
19878986
2857215
36669521
21763938
17905166
25943920
34302767
34227969
24461715
19782875
32593336
35189080
37544309
24990815
24439726
33965066
34048696
32987009
34454675
28539195
24209829
19465235
32479826
36252575
7905555
26880124
26969089
24452043
37031684
19560602
21771566
32979937
35964601
32113503
23746904
33341142
28284520
24576776
32007142
31443926
35334211
23141813
21906798
33640038
18400287
32243779
29115241
21719095
31303314
20557927
19747721
33640052
26545436
21856482
35151393
16679142
20189639
28919116
33676629
32061284
30340847
26312835
21803414
37087157
34998502
32473682
32113505
2903281
6117693
30032977
24629992
21269675
31282363
19070889
35303470
32711800
35780801
26584737
27733282
34338199
26433318
34022975
28007348
34119000
33765408
33894831
35065773
80591
20435344
33610193
19819542
32950101
26700385
33485442
33887212
20399493
6109183
33992140
37061262
36774148
31657732
25971224
1351581
26993883
28045662
32950090
33160552
29655496
22901955
34416195
32563355
34534517
20816549
32333842
26028120
14526780
27045735
21397319
35151383
33773621
31395439
34634251
28209371
16546539
12711489
34895526
29413042
26686313
35598619
35908564
34838167
30773280
32891215
31522849
37321235
12814707
35863367
32682467
34022986
36841613
28534742
35598623
23453885
34419202
32311318
35093218
21907864
37003688
32950076
36502825
32505222
32247322
27427455
32087820
33592176
15220033
32059799
30173906
33248495
23726390
34384540
32410760
25467565
32798450
32325026
15172785
38648809
32891216
32771115
25467569
33065033
34119049
28456508
33609444
35151396
32916089
22314182
34139198
12711461
26231457
32401716
32505246
33865492
31668409
33256917
24698483
22633825
30025810
20934212
35691322
31852602
34973708
32419711
32240626
33676619
29150198
35344736
34762859
34274061
6126628
36049495
35780786
35279247
6147649
35123683
32247379
12826452
33844964
84151
34562394
35339216
34339625
32145186
34895528
28422017
32919514
25241721
32247321
33278920
33773627
34534516
36774152
33485438
32687809
33636125
36646106
36522203
28320601
33308475
35512728
32035557
33516324
24993915
12781537
36216001
32505250
23312808
14738798
34175085
35247309
12711488
35588759
26003380
21903251
34245669
17993362
31000194
22464372
32979964
33865480
35750072
25465108
33160579
19541027
23623390
29032857
23683640
32738938
8709738
79844
33992137
23940849
24457205
31533905
14585636
80527
34902308
35753331
33640059
21885097
32758428
26466053
36522198
35717980
18930519
14726162
29739568
21132866
17920918
33516323
32738937
25748612
34089659
35908560
32305092
36116463
28259484
34227956
33989553
14962514
80547
34022976
35654080
28745592
32505251
12781535
32333839
36115368
30262336
29678341
33038953
34627488
33812472
21872751
36374625
32032528
33007220
18586174
17869636
22632907
35429440
14683674
35202602
22244654
36774151
32061311
18083403
24439297
1976885
33743853
30528472
21601270
12814717
33865483
36708730
14667748
33069277
36966780
33992142
34656218
23601933
18468544
19501725
34280380
34000254
28100431
35366995
35809579
34543607
36929968
32247324
28781108
28262269
35219392
33453769
26169850
27423262
35594875
27115970
19944863
35123692
27402382
33306989
34688363
21890053
35963267
33894832
30078917
23453283
22153566
37179111
34019820
32386589
30910324
26530604
32423584
33285142
26842434
28635598
12737864
32798449
37120279
20511019
20031199
24315522
35065785
14654320
25059942
35219385
12801759
33773116
36154687
34597535
32247381
22093187
32035538
32682470
23200503
33812491
30862377
34419201
36669520
31084970
33901423
27209146
33812479
31709997
33581820
14577436
14698119
18620950
33129391
33485437
32151326
35339225
24797572
34537091
32224297
33038964
12727402
24797575
35093215
28271848
29248255
28455148
30496063
32246914
37060914
33740474
27155903
14643124
21269678
30712901
23472921
33422252
22818940
29673873
32353327
27061677
33189179
21763939
19515410
32563374
35247312
32410759
22681860
33617777
32702299
31954465
20638120
24794818
35489361
32171075
18502305
34147149
33357467
14733192
15380970
26948433
34619099
30635141
25659286
15172784
36841612
34563283
23953389
32563378
35753330
29754776
28952451
34280381
33617772
33038958
32066526
30322581
32416772
34364515
33038959
22296810
33901421
60551
33031763
34998501
34119062
24183105
34000255
34755625
28390697
28821408
25468167
20451244
60623
25059950
32445692
35870476
32334651
32087122
33549168
37490935
35397852
34338197
15915564
29115226
35065705
33640068
36423648
21684591
36116474
25529582
36502831
33714388
37805214
29893224
30032979
29551338
18657708
34856188
30264710
33453149
31395441
32979965
22240409
23352552
32563357
24612754
32593326
25149223
32711779
31208767
23594387
33684352
32224298
11425369
22036019
28131493
26414968
27375040
32199076
32359454
32771114
34246358
30983579
32222186
23746882
28137686
27323921
36306816
24559537
15064038
35093228
36183728
24857700
33065031
33453781
15351194
23101717
34973716
35691305
36522195
34329583
32682465
28279484
36306814
32622385
20417552
22959392
29274727
15380967
80673
32798489
34953524
33308459
29695347
16271633
31030984
28521917
32423585
23541540
32598865
33743855
90839
32247397
34237296
30935734
19167061
37061263
34416198
25703114
4196047
32087779
32035533
31395442
18930535
34801106
34474011
32171076
32976771
35182472
33160562
34022988
33933198
21388673
33964222
37210109
34942102
19757510
35093222
34627487
33010825
32622394
19263583
23915885
20650521
34274064
32423582
28091380
27671671
77421
32277876
33228920
33933187
27174304
26738707
34090600
18805337
33422245
36841614
27604504
24868566
34227988
32061297
36528378
29217376
31204681
20594588
33422256
35780800
24286789
32151325
35569462
35461557
32014114
34461040
16099277
32135078
34338214
22651973
23582727
30303082
24055451
32473100
35780789
20483451
30057104
28316354
12907026
30292578
28845780
33160572
33010829
33075304
19299006
22683134
16112301
33038955
33045189
22938757
35908561
33838758
35367003
28939096
33160565
33422261
34656220
32422123
32771109
34951949
35863370
35658986
21295846
33308467
17765525
26477328
36563696
34147144
35303472
29961638
28077234
32334652
33545097
21035842
33007218
32798483
24857704
36930031
34364514
26719231
33160577
29165263
24411650
32450107
33125934
34111415
25283571
32979971
34338203
33894143
27507751
25441199
12932389
35405083
32330427
30466866
2900410
36529147
23883699
18687459
47983
32416786
33812487
36681408
19018613
20692530
33485439
32563363
34298000
33485444
35569452
32771083
34627492
26466032
36049494
32105610
34391500
33129388
35952704
17630018
34119064
35483401
26777915
32446403
32334655
12767749
35617980
32593330
30983581
29673875
34227943
32950094
33549188
24629994
20435227
32891217
32305080
25390317
32199478
27353685
30215381
32950102
12814734
23200500
24452039
33992146
21084112
34998494
26423182
30241722
22257673
28534750
31006575
33278923
34710362
31000193
32330428
26385066
27212427
22770478
18328930
21155080
36354041
35934007
31232375
22998715
28890157
23769215
26334151
36341752
26454362
6107606
19223069
26952546
28964589
35303469
25059949
37647928
22036018
25059941
12737865
28017406
32861312
35339230
20609972
32032529
32087126
15064027
90307
31178152
32422122
19167561
33838755
29126600
18313502
34118998
24183056
27585758
35843246
19361855
36566762
32035511
70689
30808512
30954305
15220029
19854499
18387667
23312968
22819663
36930010
20889199
18805335
19446324
24703831
35033219
22958912
14724016
33838756
31542291
32504543
23643109
15351172
29605429
34922665
22500865
26431822
26542481
37230103
35248217
31232377
21492929
33610197
33347811
33894830
18295000
34871546
25687730
6133144
36403582
26382998
33160563
25088437
37120280
21435708
33347812
34246340
20472173
35122753
28864330
24449944
32240625
34626543
33422253
34562391
22118438
32979970
32853559
30696573
27017310
32771110
34364412
34755628
38042616
35569453
25465111
35065784
37030315
33176180
28109539
32941823
32043983
36841606
33035495
20650523
32145185
37478883
38224710
33714382
30558872
29224931
22130490
32622384
32771094
34227954
36372074
34197809
35691318
33933205
21802134
20347483
34364516
32539938
32534643
60533
29550031
37003686
32628904
21450337
35325605
20338627
12801737
32822564
19249635
30496102
36929986
34274063
33773624
19097639
32711785
19632716
23706802
